INTERVAL=180
LATITUDE=55.698962
LONGITUDE=37.359737
ROW_COUNT=10